{
  "m1": [
    [
      1.117384566763528, 0.33286902896492787, 0.5942249742766766,
      0.4069965617566271, 0.4853481574711787, 0.3611411384234505,
      1.535196088950751, 0.651522272911297, 1.0378896911022932,
      1.7031079411364154, 1.3191183278823504, 0.930296017188661,
      1.1274351383435057, 0.38926161995939784, 1.2091661986955666,
      1.8031318354847292, 2.243084153910938, 2.1924140199293585,
      1.7667508789582518
    ],
    [
      0.33286902896492787, 0.21503901212867016, 0.3693660239063975,
      0.1814101730979126, 0.3821009151964176, 0.1718562366167248,
      1.3718430761449516, 0.526127612831222, 0.8123033024435786,
      1.6788749547569897, 1.0460189001610498, 0.7047096285299467,
      0.9007965957655529, 0.8339158700519664, 0.9830169001097039,
      1.4853990728438924, 2.21622583625656, 1.966827631270644,
      1.5590653292178318
    ],
    [
      0.5942249742766766, 0.3693660239063975, 1.2608646921907443,
      0.4428665931134312, 0.6426660473333906, 0.39718669180976773,
      1.6305555575520514, 0.6880865945989949, 1.0737597224590971,
      1.9415741449751491, 1.3542959119236784, 0.9661660485454653,
      0.5582953857772847, 1.0958773690218564, 0.9480933655601738,
      2.0360374207400267, 2.3934514881426368, 2.228284051286163,
      1.5860625687153234
    ],
    [
      0.4069965617566271, 0.1814101730979126, 0.4428665931134312,
      0.5106016802629803, 0.4556875972269139, 0.20914143179523234,
      1.444928361394836, 0.499021169502467, 0.8855127478577087,
      1.7530677098869525, 1.1677246943535984, 0.7775076838336302,
      0.975105191188671, 0.9076016790618976, 1.0571595840701837,
      1.695966493388049, 2.2824507767796995, 1.9072688883682414,
      1.566333198997363
    ],
    [
      0.4853481574711787, 0.3821009151964176, 0.6426660473333906,
      0.4556875972269139, 1.3121487086446755, 0.4090955520161461,
      2.7268357035595354, 0.6992064000264373, 1.08658072657258,
      2.09791719029567, 1.3685162189558961, 0.9789870526589478,
      1.175779008467882, 0.9625775783235551, 1.257274591883335,
      1.7727238731009312, 2.1681841660883823, 2.2411050553996454,
      1.7935087580676945
    ],
    [
      0.3611411384234505, 0.1718562366167248, 0.39718669180976773,
      0.20914143179523234, 0.4090955520161461, 0.32596404691794917,
      1.398567426487125, 0.7441544075899069, 0.8400345611408986,
      1.7073130690575686, 1.2114500731852682, 0.7324408872272664,
      0.9287179483036682, 0.8612633210457288, 1.0112514365923102,
      1.5567211194290094, 2.2175166875281156, 1.994558889967964,
      1.4020126567682867
    ],
    [
      1.535196088950751, 1.3718430761449516, 1.6305555575520514,
      1.444928361394836, 2.7268357035595354, 1.398567426487125,
      5.269111765316365, 1.6890031312222737, 2.075821490740502,
      2.8551790864281807, 2.3569319488128286, 1.96822781682687,
      2.1655153780165164, 1.6437624342827233, 2.2461995843753075,
      2.734820692201745, 3.0647184247600263, 3.230345819567568,
      2.7931919269071606
    ],
    [
      0.651522272911297, 0.526127612831222, 0.6880865945989949,
      0.499021169502467, 0.6992064000264373, 0.7441544075899069,
      1.6890031312222737, 1.485482997746888, 1.129914298848133,
      1.9963677724538136, 1.3724026934015565, 1.022320624934501,
      1.2181477040467243, 1.150540993439853, 1.3012689779308118,
      1.7758268566920052, 2.5105825945434854, 2.2844386276751987,
      1.7245038537517516
    ],
    [
      1.0378896911022932, 0.8123033024435786, 1.0737597224590971,
      0.8855127478577087, 1.08658072657258, 0.8400345611408986,
      2.075821490740502, 1.129914298848133, 3.034174197645645,
      2.3839608392326186, 1.7986178236992647, 0.9434510382636511,
      1.6059983205343369, 1.5384948084075638, 1.6880527134158498,
      2.326859622733715, 2.913343906125366, 3.0109173836886596,
      2.197226328343029
    ],
    [
      1.7031079411364154, 1.6788749547569897, 1.9415741449751491,
      1.7530677098869525, 2.09791719029567, 1.7073130690575686,
      2.8551790864281807, 1.9963677724538136, 2.3839608392326186,
      6.50166915928483, 2.6806303045204993, 2.2763671653189865,
      2.469945150542903, 2.541554897263443, 2.551824940636959,
      3.1190175643026623, 3.4228319527254736, 3.538485168059684,
      3.0425845431600207
    ],
    [
      1.3191183278823504, 1.0460189001610498, 1.3542959119236784,
      1.1677246943535984, 1.3685162189558961, 1.2114500731852682,
      2.3569319488128286, 1.3724026934015565, 1.7986178236992647,
      2.6806303045204993, 4.160297097151414, 1.6910241497856324,
      1.8907893461009746, 1.8216116850354105, 1.9730931335015853,
      2.5143472243026057, 3.168463339368766, 2.95314215252633,
      2.1995785504575514
    ],
    [
      0.930296017188661, 0.7047096285299467, 0.9661660485454653,
      0.7775076838336302, 0.9789870526589478, 0.7324408872272664,
      1.96822781682687, 1.022320624934501, 0.9434510382636511,
      2.2763671653189865, 1.6910241497856324, 2.6037995019911166,
      1.498404646620705, 1.4309011344939313, 1.5804590395022178,
      2.219265948820083, 2.8057502322117336, 2.7266174927990203,
      2.0896326544293973
    ],
    [
      1.1274351383435057, 0.9007965957655529, 0.5582953857772847,
      0.975105191188671, 1.175779008467882, 0.9287179483036682,
      2.1655153780165164, 1.2181477040467243, 1.6059983205343369,
      2.469945150542903, 1.8907893461009746, 1.498404646620705,
      3.389819084491704, 1.6267441874107826, 3.1685554969052356,
      2.8437787696838024, 3.1499888913398806, 2.7605226493614023,
      2.2750163021264105
    ],
    [
      0.38926161995939784, 0.8339158700519664, 1.0958773690218564,
      0.9076016790618976, 0.9625775783235551, 0.8612633210457288,
      1.6437624342827233, 1.150540993439853, 1.5384948084075638,
      2.541554897263443, 1.8216116850354105, 1.4309011344939313,
      1.6267441874107826, 3.11980503598461, 1.709047279685247,
      2.133303266191177, 2.9015537629644745, 2.693019137234629,
      2.2019975379475785
    ],
    [
      1.2091661986955666, 0.9830169001097039, 0.9480933655601738,
      1.0571595840701837, 1.257274591883335, 1.0112514365923102,
      2.2461995843753075, 1.3012689779308118, 1.6880527134158498,
      2.551824940636959, 1.9730931335015853, 1.5804590395022178,
      3.1685554969052356, 1.709047279685247, 3.7180366560177553,
      3.005093624392623, 3.3586561707703004, 2.8425770422429153,
      1.9718486875378796
    ],
    [
      1.8031318354847292, 1.4853990728438924, 2.0360374207400267,
      1.695966493388049, 1.7727238731009312, 1.5567211194290094,
      2.734820692201745, 1.7758268566920052, 2.326859622733715,
      3.1190175643026623, 2.5143472243026057, 2.219265948820083,
      2.8437787696838024, 2.133303266191177, 3.005093624392623,
      6.273264293289215, 3.7294269522831294, 3.48138395156078,
      2.9996027880318548
    ],
    [
      2.243084153910938, 2.21622583625656, 2.3934514881426368,
      2.2824507767796995, 2.1681841660883823, 2.2175166875281156,
      3.0647184247600263, 2.5105825945434854, 2.913343906125366,
      3.4228319527254736, 3.168463339368766, 2.8057502322117336,
      3.1499888913398806, 2.9015537629644745, 3.3586561707703004,
      3.7294269522831294, 8.619201426855817, 4.067868234952431,
      3.584907926358474
    ],
    [
      2.1924140199293585, 1.966827631270644, 2.228284051286163,
      1.9072688883682414, 2.2411050553996454, 1.994558889967964,
      3.230345819567568, 2.2844386276751987, 3.0109173836886596,
      3.538485168059684, 2.95314215252633, 2.7266174927990203,
      2.7605226493614023, 2.693019137234629, 2.8425770422429153,
      3.48138395156078, 4.067868234952431, 7.652271512953908, 3.351750657170095
    ],
    [
      1.7667508789582518, 1.5590653292178318, 1.5860625687153234,
      1.566333198997363, 1.7935087580676945, 1.4020126567682867,
      2.7931919269071606, 1.7245038537517516, 2.197226328343029,
      3.0425845431600207, 2.1995785504575514, 2.0896326544293973,
      2.2750163021264105, 2.2019975379475785, 1.9718486875378796,
      2.9996027880318548, 3.584907926358474, 3.351750657170095,
      5.7547311157264724
    ]
  ],
  "m2": [
    [
      0.558692283381764, 0.3331058947230495, 0.5948992560918138,
      0.4069965617566271, 0.2137674481073722, 0.36104227316101656,
      1.084395928146463, 0.6506686971421551, 1.0378896911022932,
      1.68695543814531, 1.318399799626602, 0.9302960171886611,
      1.1268040195694602, 1.0571464353960145, 1.209309333876675,
      2.0885302999038404, 2.870616665654895, 2.1924140199293585,
      1.6349801434115079
    ],
    [
      0.3331058947230495, 0.10751950606433508, 0.3687802593896242,
      0.1814101730979126, 0.38200204993398346, 0.028954962362030653,
      1.37098950037581, 0.28535741855303737, 0.8123033024435786,
      1.6781564265012416, 0.9549849862865726, 0.7047096285299467,
      0.9012134419397694, 0.8337119239614887, 0.9829170389164325,
      1.6732722169506902, 2.252846078348647, 1.966827631270644,
      1.6739069024615696
    ],
    [
      0.5942253733853223, 0.36917159277008293, 0.6304323460953721,
      0.4428665931134312, 0.64364248151815, 0.39636469859893597,
      1.63373394790324, 0.6856478904618135, 1.0737597224590971,
      1.941764775181997, 1.3540750039569658, 0.9661660485454653,
      0.8393537154756003, 1.095588142600458, 0.9970613570619676,
      1.5283549146883695, 2.4745722485580814, 2.228284051286163,
      1.845658560222697
    ],
    [
      0.4069965617566271, 0.1814101730979126, 0.4428665931134312,
      0.2553008401314901, 0.4556875972269139, 0.20914143179523234,
      1.444928361394836, 0.499021169502467, 0.8843733519351915,
      1.7530677098869525, 1.1677246943535986, 0.7784533154014622,
      0.975105191188671, 0.9076016790618976, 1.0571595840701837,
      1.695966493388049, 2.2824507767796995, 1.971305572631308,
      1.566333198997363
    ],
    [
      1.0009991895967294, 0.38159181045268914, 0.6428642188995599,
      0.4556875972269139, 0.6560743543223377, 0.4095281888906561,
      1.5743120420932861, 0.7000897015224649, 1.08658072657258,
      1.5834107984528387, 1.3671757501799728, 0.9789870526589478,
      1.176183263204692, 0.5221404274250322, 1.2581624773717306,
      1.8707512942342253, 2.4499840681074327, 2.2411050553996454,
      1.8236993419258585
    ],
    [
      0.36063203367972213, 0.24154656716127904, 0.3970496709554108,
      0.20914143179523234, 0.4095281888906561, 0.16298202345897458,
      1.3994507279831523, 0.5003078238100231, 0.8400345611408986,
      1.7059726002816453, 0.956136930131534, 0.7324408872272664,
      0.9283663658702598, 0.8615653345679003, 1.0104478274835116,
      1.5772892552986986, 2.256827473935132, 1.994558889967964,
      1.6646510964631327
    ],
    [
      2.108852237893483, 1.3710858883467074, 1.6312542808503143,
      1.444928361394836, 1.716318194887234, 1.3980871781340043,
      2.6345558826581823, 1.688648690765813, 2.075821490740502,
      2.314248739697817, 2.355648832924495, 1.96822781682687, 2.166520231097755,
      1.379748659146939, 2.2481371553925, 2.8961893207679283,
      3.5699561148260415, 3.230345819567568, 2.826542702156554
    ],
    [
      0.6507650851130526, 0.5649035863847416, 0.6875259545070026,
      0.499021169502467, 0.6987261516733166, 0.40541569852239534,
      1.688648690765813, 0.742741498873444, 1.129914298848133,
      1.9950846565654805, 1.1098856670731019, 1.022320624934501,
      1.2174610929379963, 1.15108531247457, 1.2997401472722663,
      1.888042366402804, 2.563079570876097, 2.2844386276751987,
      2.0734315616425687
    ],
    [
      1.0378896911022932, 0.8123033024435786, 1.0737597224590971,
      0.8880145870191208, 1.08658072657258, 0.8400345611408986,
      2.075821490740502, 1.129914298848133, 1.5170870988228224,
      2.3839608392326186, 1.7986178236992647, 0.8946547470526768,
      1.6059983205343369, 1.5384948084075636, 1.6880527134158498,
      2.326859622733715, 2.913343906125366, 2.4486407500762155,
      2.197226328343029
    ],
    [
      2.1225714248788687, 1.6801976592055086, 1.93950215055579,
      1.7530677098869525, 2.3234981355119135, 1.7078440028197444,
      3.57114172260278, 1.9984914219503789, 2.3839608392326186,
      3.250834579642415, 2.665491564109061, 2.2763671653189865,
      2.475150787172844, 1.6080318863070993, 2.5567258236319006,
      3.180245974001144, 3.7130338172978736, 3.5384851680596845,
      3.097569121308571
    ],
    [
      1.3204410323308688, 1.2326830683534695, 1.3565058907141132,
      1.1677246943535986, 1.3690471527180719, 1.2869936419031476,
      2.3590555983093937, 1.713004380376049, 1.7986178236992647,
      2.6654915641090606, 2.080148548575707, 1.6910241497856324,
      1.8849724349426948, 1.8163166303181897, 1.9674809468297814,
      2.477235001392413, 3.225218536153119, 2.95314215252633, 2.6119781210621613
    ],
    [
      0.9302960171886611, 0.7047096285299467, 0.9661660485454653,
      0.7787472757255861, 0.9789870526589478, 0.7324408872272664,
      1.9682278168268703, 1.022320624934501, 1.9243321027657034,
      2.2763671653189865, 1.6910241497856324, 1.3018997509955583,
      1.498404646620705, 1.4309011344939313, 1.5804590395022178,
      2.219265948820083, 2.8057502322117336, 3.598432840323122,
      2.089632654429397
    ],
    [
      1.1267978060581558, 0.9012156063704176, 1.4859881728656241,
      0.975105191188671, 1.1748006333634977, 0.9295251998345667,
      2.162945193806279, 1.2201899481812997, 1.6059983205343369,
      2.470593334715423, 1.8900856558788646, 1.498404646620705,
      1.694909542245852, 1.6274060301190783, 1.566980928056898,
      3.4357938607518537, 2.6349071728715816, 2.7605226493614023,
      2.158633294608453
    ],
    [
      1.0614483659780543, 0.8337101000951511, 1.094746721487219,
      0.9076016790618976, 1.69383644488961, 0.8613192068833792,
      2.814709741503548, 1.1515587043911788, 1.5384948084075636,
      3.2027052113276206, 1.8237344362498225, 1.4309011344939313,
      1.6274060301190783, 1.559902517992305, 1.7082910310135888,
      2.0688357527127064, 1.8534102210987382, 2.693019137234629,
      2.204874804935281
    ],
    [
      1.2084012775139665, 0.9836207951567801, 1.4923893170422822,
      1.0571595840701837, 1.2569302049594844, 1.0115525239843404,
      2.2454370552745595, 1.3020196796100552, 1.6880527134158498,
      2.5531270840193923, 1.971685929754803, 1.5804590395022178,
      1.9869469421978316, 1.7106298149875934, 1.8590183280088777,
      3.6707329895958916, 2.39936164658956, 2.8425770422429153,
      2.5543320393331412
    ],
    [
      1.6067941301225308, 1.5708794357582525, 2.23870957805161,
      1.695966493388049, 1.92195520673272, 1.7223249148048836,
      2.874998708534861, 1.991331279115247, 2.326859622733715,
      3.207220752285879, 2.7395456938279015, 2.219265948820083,
      1.395747828138606, 2.627698911924206, 1.3249174850575935,
      3.1366321466446077, 3.7247601730802176, 3.48138395156078,
      3.005084205925202
    ],
    [
      1.9976763311547778, 2.164274141143597, 2.4654608109652,
      2.2824507767796995, 2.5156909996428136, 2.2157552629517516,
      3.3742004812600492, 2.489262641425256, 2.913343906125366,
      3.8474014757724504, 3.164530725850497, 2.8057502322117336,
      3.369603082802179, 4.016093010321476, 3.7692573948472265,
      3.721472686992299, 4.309600713427908, 4.0678682349524315,
      3.5934831356455725
    ],
    [
      2.1924140199293585, 1.966827631270644, 2.228284051286163,
      2.1101310239771354, 2.2411050553996454, 1.994558889967964,
      3.230345819567568, 2.2844386276751987, 2.89458210522356,
      3.5384851680596845, 2.95314215252633, 1.5296026671493892,
      2.7605226493614023, 2.693019137234629, 2.8425770422429153,
      3.48138395156078, 4.067868234952431, 3.826135756476954, 3.351750657170095
    ],
    [
      1.8010776978334921, 1.3109781614660012, 1.662139343735911,
      1.566333198997363, 1.7097405702597148, 1.3756964848590776,
      2.6853787383648644, 1.546675495094111, 2.197226328343029,
      3.03063101619708, 2.345535985376782, 2.089632654429397,
      2.4136418055006343, 2.2323932709202596, 2.182051846538972,
      3.0089134985826416, 3.5934831356455725, 3.351750657170095,
      2.8773655578632362
    ]
  ],
  "δ1": [
    [
      0.007863994578192764, 0.0020397138342538876, 0.0027014453828063637,
      0.0023757899400015004, 0.0014633090752162541, 0.0020538562485531834,
      0.006609193450916261, 0.00287103250552522, 0.004026759732160656,
      0.006655410542938445, 0.005020101987329432, 0.001965607643263439,
      0.0020028360955532554, 0.0008136261296494506, 0.00189676784751835,
      0.004153456736290671, 0.006971893104342627, 0.006914054119960003,
      0.005940650103342252
    ],
    [
      0.0020397138342538876, 0.0004763062596681448, 0.001262745954508592,
      0.000851404617459556, 0.001517739542577758, 0.0003826820067354768,
      0.006642216775130227, 0.0020294093366515237, 0.0034061040448830674,
      0.006587202866274682, 0.004815999423085941, 0.0006674473296997695,
      0.0007518458939653287, 0.0007718691999570493, 0.0010937042953976948,
      0.004079652817359823, 0.006703786817231208, 0.0068185585716816054,
      0.005313248692338292
    ],
    [
      0.0027014453828063637, 0.001262745954508592, 0.004370613147605568,
      0.0017157184725901126, 0.0027413510741781584, 0.0014828840589571814,
      0.007625482099852993, 0.002992878647634019, 0.004010773000417396,
      0.0064864267481511036, 0.004769159529876997, 0.0012505282436034793,
      0.0009955099473781036, 0.0015849653645134225, 0.0016681600055405874,
      0.005335251376986405, 0.0073722700211374175, 0.006805739167856135,
      0.004838468700676005
    ],
    [
      0.0023757899400015004, 0.000851404617459556, 0.0017157184725901126,
      0.003104309404790913, 0.002021078193808707, 0.000928067765045566,
      0.006824440453426137, 0.0021491627105442125, 0.003669921799145547,
      0.006523930482240909, 0.004768392116524651, 0.0013465774174200732,
      0.0006453559166150006, 0.0009234599181580727, 0.0010105259969277307,
      0.004043956822921954, 0.006731980507086942, 0.0069660943798513855,
      0.005314131167977084
    ],
    [
      0.0014633090752162541, 0.001517739542577758, 0.0027413510741781584,
      0.002021078193808707, 0.005594434745677643, 0.0017136856935695943,
      0.012113883131227488, 0.0027586146128852455, 0.004088749779912116,
      0.007092254213533039, 0.0046064166173370785, 0.001488989262699836,
      0.001337142165290637, 0.002645021371916693, 0.001330665380219421,
      0.0036787150755229377, 0.005800946608743182, 0.00679741067833143,
      0.006653962180281891
    ],
    [
      0.0020538562485531834, 0.0003826820067354768, 0.0014828840589571814,
      0.000928067765045566, 0.0017136856935695943, 0.0010185193237705209,
      0.006871576996424419, 0.003203270325447348, 0.0034717420447804956,
      0.006565200641753178, 0.0052309359864653624, 0.0006785063326801776,
      0.0005258812500415459, 0.0006376151059015056, 0.0010416857819670652,
      0.004164493260493452, 0.006638770470757945, 0.006808476924495398,
      0.004537608804664492
    ],
    [
      0.006609193450916261, 0.006642216775130227, 0.007625482099852993,
      0.006824440453426137, 0.012113883131227488, 0.006871576996424419,
      0.02611017715097127, 0.008913406091901131, 0.00910163686463089,
      0.008819684164631298, 0.0074059998983356514, 0.006544522522741471,
      0.006587776541993377, 0.007921444139909414, 0.006225345300644472,
      0.006386885291959436, 0.00832978034983983, 0.009067885249053222,
      0.01157649716482869
    ],
    [
      0.00287103250552522, 0.0020294093366515237, 0.002992878647634019,
      0.0021491627105442125, 0.0027586146128852455, 0.003203270325447348,
      0.008913406091901131, 0.007262065498615795, 0.0045480858561948705,
      0.006607960674101976, 0.005118762756377179, 0.0018312381447096909,
      0.0021607457488216288, 0.0023137281363483494, 0.001941328720224387,
      0.005286507366149463, 0.007299181439337708, 0.006933684345953273,
      0.004972377938151627
    ],
    [
      0.004026759732160656, 0.0034061040448830674, 0.004010773000417396,
      0.003669921799145547, 0.004088749779912116, 0.0034717420447804956,
      0.00910163686463089, 0.0045480858561948705, 0.0134611801712885,
      0.006829312152399608, 0.005331322242767041, 0.0039744717987163294,
      0.003274325340676971, 0.0034973637980521455, 0.0030185196401979596,
      0.005564662348007496, 0.007762315672438548, 0.010052290143521388,
      0.006475501064644857
    ],
    [
      0.006655410542938445, 0.006587202866274682, 0.0064864267481511036,
      0.006523930482240909, 0.007092254213533039, 0.006565200641753178,
      0.008819684164631298, 0.006607960674101976, 0.006829312152399608,
      0.026305816233304618, 0.01223518748829684, 0.006716309952205411,
      0.006922857219658728, 0.007688719636986526, 0.0068317893849192705,
      0.007621184072009316, 0.008033436932697093, 0.01036712508887048,
      0.007357739043944331
    ],
    [
      0.005020101987329432, 0.004815999423085941, 0.004769159529876997,
      0.004768392116524651, 0.0046064166173370785, 0.0052309359864653624,
      0.0074059998983356514, 0.005118762756377179, 0.005331322242767041,
      0.01223518748829684, 0.019169582205713687, 0.0047851738055147315,
      0.005367999979459159, 0.005125361123804448, 0.005353900353835483,
      0.0056316015891397335, 0.007575494960460195, 0.008342667299647156,
      0.006294187418790539
    ],
    [
      0.001965607643263439, 0.0006674473296997695, 0.0012505282436034793,
      0.0013465774174200732, 0.001488989262699836, 0.0006785063326801776,
      0.006544522522741471, 0.0018312381447096909, 0.0039744717987163294,
      0.006716309952205411, 0.0047851738055147315, 0.002813454123190714,
      0.000778149944572398, 0.0008517278281124039, 0.0011509325812326368,
      0.0042427106660661695, 0.006935506947660449, 0.00827584665700721,
      0.0052580560237712355
    ],
    [
      0.0020028360955532554, 0.0007518458939653287, 0.0009955099473781036,
      0.0006453559166150006, 0.001337142165290637, 0.0005258812500415459,
      0.006587776541993377, 0.0021607457488216288, 0.003274325340676971,
      0.006922857219658728, 0.005367999979459159, 0.000778149944572398,
      0.0010529774215970753, 0.002050944996758979, 0.0021106489636468374,
      0.004840890653470859, 0.006954059760315835, 0.006862537809219126,
      0.005774310017044297
    ],
    [
      0.0008136261296494506, 0.0007718691999570493, 0.0015849653645134225,
      0.0009234599181580727, 0.002645021371916693, 0.0006376151059015056,
      0.007921444139909414, 0.0023137281363483494, 0.0034973637980521455,
      0.007688719636986526, 0.005125361123804448, 0.0008517278281124039,
      0.002050944996758979, 0.0013171309838128913, 0.0018743412394562498,
      0.0045951449038398595, 0.007623529320191736, 0.006913530947629773,
      0.005724502337928855
    ],
    [
      0.00189676784751835, 0.0010937042953976948, 0.0016681600055405874,
      0.0010105259969277307, 0.001330665380219421, 0.0010416857819670652,
      0.006225345300644472, 0.001941328720224387, 0.0030185196401979596,
      0.0068317893849192705, 0.005353900353835483, 0.0011509325812326368,
      0.0021106489636468374, 0.0018743412394562498, 0.004153990259873898,
      0.004822184758321113, 0.007372258352163323, 0.006751656062746426,
      0.004454367438759556
    ],
    [
      0.004153456736290671, 0.004079652817359823, 0.005335251376986405,
      0.004043956822921954, 0.0036787150755229377, 0.004164493260493452,
      0.006386885291959436, 0.005286507366149463, 0.005564662348007496,
      0.007621184072009316, 0.0056316015891397335, 0.0042427106660661695,
      0.004840890653470859, 0.0045951449038398595, 0.004822184758321113,
      0.015832692125955717, 0.012490031648428103, 0.010273253495081828,
      0.01170080056997311
    ],
    [
      0.006971893104342627, 0.006703786817231208, 0.0073722700211374175,
      0.006731980507086942, 0.005800946608743182, 0.006638770470757945,
      0.00832978034983983, 0.007299181439337708, 0.007762315672438548,
      0.008033436932697093, 0.007575494960460195, 0.006935506947660449,
      0.006954059760315835, 0.007623529320191736, 0.007372258352163323,
      0.012490031648428103, 0.026792145502574253, 0.013112444074406218,
      0.012768164069269786
    ],
    [
      0.006914054119960003, 0.0068185585716816054, 0.006805739167856135,
      0.0069660943798513855, 0.00679741067833143, 0.006808476924495398,
      0.009067885249053222, 0.006933684345953273, 0.010052290143521388,
      0.01036712508887048, 0.008342667299647156, 0.00827584665700721,
      0.006862537809219126, 0.006913530947629773, 0.006751656062746426,
      0.010273253495081828, 0.013112444074406218, 0.02734780097498685,
      0.010599874891675423
    ],
    [
      0.005940650103342252, 0.005313248692338292, 0.004838468700676005,
      0.005314131167977084, 0.006653962180281891, 0.004537608804664492,
      0.01157649716482869, 0.004972377938151627, 0.006475501064644857,
      0.007357739043944331, 0.006294187418790539, 0.0052580560237712355,
      0.005774310017044297, 0.005724502337928855, 0.004454367438759556,
      0.01170080056997311, 0.012768164069269786, 0.010599874891675423,
      0.020819920917790894
    ]
  ],
  "δ2": [
    [
      0.003931997289096382, 0.002001921955828228, 0.0028688174891312356,
      0.0023757899400015004, 0.00201008611591298, 0.002110709346823314,
      0.004719101564376122, 0.0031619414172371087, 0.004026759732160656,
      0.005797447838792285, 0.005207746239928419, 0.001965607643263439,
      0.0017531662443415728, 0.0020565168590111625, 0.0019064698820969873,
      0.005269508515668124, 0.00826824561072144, 0.006914054119960003,
      0.004867514578120399
    ],
    [
      0.002001921955828228, 0.0002381531298340724, 0.0012982371319719692,
      0.000851404617459556, 0.001577552355785078, 7.075678443592752e-5,
      0.006665827802478713, 0.0011906276116495718, 0.0034061040448830674,
      0.006577221329556799, 0.004146484444379751, 0.0006674473296997695,
      0.000207578499537271, 0.00040716655133725123, 0.0010275644876278536,
      0.004085041256896213, 0.006888595455889897, 0.0068185585716816054,
      0.005992477103523696
    ],
    [
      0.002863890856070291, 0.0012980037096082524, 0.002185306573802784,
      0.0017157184725901126, 0.002728598417467104, 0.0014526677110431865,
      0.007814407062194283, 0.003028437596500538, 0.004010773000417396,
      0.006500910369567108, 0.0047800916640885985, 0.0012505282436034793,
      0.0002864346638631677, 0.001586117712282481, 0.0014712480924635755,
      0.0034090374068731187, 0.007027887615875694, 0.006805739167856135,
      0.006508967377362093
    ],
    [
      0.0023757899400015004, 0.000851404617459556, 0.0017157184725901126,
      0.0015521547023954565, 0.002021078193808707, 0.000928067765045566,
      0.006824440453426137, 0.0021491627105442125, 0.00384875139075244,
      0.006523930482240909, 0.004768392116524651, 0.0010713362375174903,
      0.0006453559166150006, 0.0009234599181580729, 0.0010105259969277307,
      0.004043956822921954, 0.006731980507086942, 0.006723191241843329,
      0.005314131167977084
    ],
    [
      0.0042837129179643645, 0.0015344247963179642, 0.0027299925049038836,
      0.002021078193808707, 0.0027972173728388213, 0.001591005979253155,
      0.0065492776310214565, 0.0028931977126683815, 0.004088749779912116,
      0.005881963563027107, 0.004951906453676135, 0.001488989262699836,
      0.0015360814366941786, 0.0006713322428109485, 0.001312410476015217,
      0.00438921692683659, 0.007641900406630823, 0.00679741067833143,
      0.00599158034913265
    ],
    [
      0.0020518777296101645, 0.0006838535900402039, 0.0014531056429404705,
      0.000928067765045566, 0.001591005979253155, 0.0005092596618852604,
      0.006765800867518932, 0.0020014293575818676, 0.003471742044780496,
      0.006570069172852997, 0.004332759202652697, 0.0006785063326801776,
      0.0007839416261577355, 0.0008953170724433954, 0.0010662874865188451,
      0.004295377809617914, 0.006907159460110378, 0.006808476924495398,
      0.0056409252149169364
    ],
    [
      0.009700358612199351, 0.006654859543925809, 0.00779646148965103,
      0.006824440453426137, 0.009112393910324281, 0.0067565283430591665,
      0.013055088575485634, 0.008152747844633887, 0.00910163686463089,
      0.00674705530718954, 0.007658371224599556, 0.006544522522741471,
      0.00665255726364109, 0.003519104338054772, 0.00623309983180391,
      0.008293246557672026, 0.01072325202497297, 0.009067885249053222,
      0.010083409176081722
    ],
    [
      0.0026785854630019573, 0.0026172409818728836, 0.003031163151791109,
      0.0021491627105442125, 0.0028175789233841255, 0.002221914768066982,
      0.008152747844633887, 0.0036310327493078976, 0.0045480858561948705,
      0.006661438222404582, 0.003935999507439963, 0.0018312381447096909,
      0.002179442654631036, 0.00264641944920309, 0.0019613427354556313,
      0.004783436935263905, 0.00764967797615977, 0.006933684345953273,
      0.006990371523269356
    ],
    [
      0.004026759732160656, 0.0034061040448830674, 0.004010773000417396,
      0.003863736881162423, 0.004088749779912116, 0.0034717420447804956,
      0.00910163686463089, 0.0045480858561948705, 0.00673059008564425,
      0.006829312152399608, 0.005331322242767042, 0.0014205924227210594,
      0.003274325340676971, 0.0034973637980521455, 0.0030185196401979596,
      0.005564662348007496, 0.007762315672438548, 0.007436736649159173,
      0.006475501064644857
    ],
    [
      0.007484183252181879, 0.006590521270600031, 0.0064904927561388725,
      0.006523930482240909, 0.007127682448852099, 0.006568625621601333,
      0.009981578700358392, 0.006550806147909725, 0.006829312152399608,
      0.01315290811665231, 0.011064231468491297, 0.006716309952205411,
      0.006988357565101925, 0.003387789136712138, 0.006846270503024147,
      0.008839873223348794, 0.011240151097290575, 0.01036712508887048,
      0.00867898856064947
    ],
    [
      0.004781127317344542, 0.005431215231073977, 0.004794321072612852,
      0.004768392116524651, 0.004588170611516173, 0.005263979871914771,
      0.007222663266327124, 0.005853149214000199, 0.005331322242767042,
      0.011064231468491297, 0.009584791102856843, 0.0047851738055147315,
      0.005431899502401378, 0.005923054108543684, 0.005320664720558653,
      0.005919998794742116, 0.008315854918158058, 0.008342667299647156,
      0.007394183390790224
    ],
    [
      0.001965607643263439, 0.0006674473296997695, 0.0012505282436034793,
      0.001074291314517741, 0.001488989262699836, 0.0006785063326801776,
      0.006544522522741471, 0.0018312381447096909, 0.005853366349608536,
      0.006716309952205411, 0.00478517380551473, 0.001406727061595357,
      0.000778149944572398, 0.0008517278281124039, 0.0011509325812326368,
      0.0042427106660661695, 0.006935506947660449, 0.010942152635676945,
      0.0052580560237712355
    ],
    [
      0.0017530604339935352, 0.00020757210277639517, 0.0020064367151921988,
      0.0006453559166150006, 0.001535273407432186, 0.0007842209901108547,
      0.006635423555445393, 0.0021849629388158835, 0.003274325340676971,
      0.006960610183540344, 0.0054662267728614105, 0.000778149944572398,
      0.0005264887107985376, 0.00029418888547264006, 0.0011990179321750038,
      0.0066626255686394, 0.00601226607733911, 0.006862537809219126,
      0.005865494005186905
    ],
    [
      0.0020864315307202804, 0.0004066290919147806, 0.0015857384021907743,
      0.0009234599181580729, 0.002943921442613586, 0.0007008305855122276,
      0.009824772666918728, 0.0018074649053423854, 0.0034973637980521455,
      0.00992806002313737, 0.004389008117731592, 0.0008517278281124039,
      0.00029418888547264006, 0.0006585654919064457, 0.0013179883368981914,
      0.003892435291961934, 0.0033710547265213817, 0.006913530947629773,
      0.006567249677728174
    ],
    [
      0.0019021092492558496, 0.0010276449760983973, 0.0013708858761314563,
      0.0010105259969277307, 0.0013111191754847814, 0.0010657583729256014,
      0.0062259712324352345, 0.0019690919238559506, 0.0030185196401979596,
      0.0068227426014225755, 0.005349011355461756, 0.0011509325812326368,
      0.0034562234574301593, 0.001319644560170141, 0.002076995129936949,
      0.006174467351192819, 0.005718298025463826, 0.006751656062746426,
      0.006717821039616384
    ],
    [
      0.003758569400610897, 0.003936928201694722, 0.005467106408007077,
      0.004043956822921954, 0.004883920031849975, 0.0037906071368958463,
      0.00942750453899865, 0.004727007163072816, 0.005564662348007496,
      0.007609307972157465, 0.0072689961050396434, 0.0042427106660661695,
      0.0012872391323223084, 0.005221549928871652, 0.0022874152607540946,
      0.007916346062977858, 0.010797451694941446, 0.010273253495081828,
      0.009213713712189122
    ],
    [
      0.00561926345253085, 0.006578762195411372, 0.006878954857822956,
      0.006731980507086942, 0.006891478162818893, 0.006621766395000799,
      0.011489742674172989, 0.006920194476558142, 0.007762315672438548,
      0.011453316865390948, 0.008584079074021232, 0.006935506947660449,
      0.008121167351513395, 0.010193352569008367, 0.008216749517168189,
      0.010778897403112829, 0.013396072751287126, 0.013112444074406218,
      0.011538461249987923
    ],
    [
      0.006914054119960003, 0.0068185585716816054, 0.006805739167856135,
      0.00702637062894109, 0.00679741067833143, 0.006808476924495398,
      0.009067885249053222, 0.006933684345953273, 0.00972103283236007,
      0.01036712508887048, 0.008342667299647156, 0.003535466303496908,
      0.006862537809219126, 0.006913530947629773, 0.006751656062746426,
      0.010273253495081828, 0.013112444074406218, 0.013673900487493425,
      0.010599874891675423
    ],
    [
      0.006416129588755525, 0.004480314173619921, 0.005146461615373623,
      0.005314131167977084, 0.005590268354375655, 0.005087804613672604,
      0.009554257280230004, 0.005778182856373912, 0.006475501064644857,
      0.00865827252941599, 0.0068502233663942, 0.0052580560237712355,
      0.006077356671596943, 0.004753104769205988, 0.005072223119129308,
      0.009231723417565002, 0.011538461249987923, 0.010599874891675423,
      0.01040996045889545
    ]
  ]
}
